7
5  2 1 4 2000. 0. 1.5e5 1200.	ine1)())
6  1 2 1 0.					wall_1)())
7  2 1 4 2000. 0. 1.5e5 1200.	ine2)())
8  1 2 1 0.					wall_2)())
9  2 1 4 1000. 1. 1.e5 300.	ina)())
10 3 0 0 				 	axis)())
11 4 0 0 					outlet)())

*****************************************exhaust

4
12	2 1 4 1000. 0. 2.e3 224.	inlet)())
11	3 0 0		axis)())
13	4 0 0			outlet)())
14	1 1 1 300.		wall)())


******************************************************

4
5 2 1 3 1500. 2.e2 235.	inlet)())
7 4 0 0 		outlet)())
8 1 2 1 0. 		wall)())
6 3 0 0 		axis)())

*****************************************


5
12  3 0 0		    AXIS)())
13  2 1 3 2000.  2.e5 500.  IN1)())
14  2 1 3 1000.   1.e5 300.  IN2)())
15  4 0 0                   OUTLET)())
16  4 0 0                   TOP)())


************************************************************ Head41.msh
4
5  	2 1 3 1783.389 1.e0 220.	inlet)())
6  	4 0 0			outlet)())
7  	1 2 1 0.		wall)())
8  	3 0 0 			axis)())
************************************************************ rect3.msh
5
5 	2 1 3 600.   1.e5 300.	in2)())
6	4 0 0	out)())
7 	4 0 0	top)())
8	4 0 0	bottom)())
9 	2 1 3 1000.  1.e5 500.	in1)())


5 	2 1 3 1000. 1.e5 500.	in2)())  ub, pb, Tb
///////////////////////////test6
5
5 	2 1 2 100. 1000.	
6 	2 1 2 100. 300.
7 	1 3 2 1300.  10.
8 	4 1 1 0.
9 	1 1 1 1000.

//////////////// sphere0.msh
5
5 1 2 1 0.   	
6 1 2 1 0.
7 1 1 1 300.
8 1 2 1 0.	
9 1 1 1 1000.  zone_id,tp_id,stp_id,nVals,values 

////////////////////////// FFF.1.msh
4
5 1 1 1  1000. 	
6 1 1 1  300.
7 1 2 0
8 1 2 0		zone_id,tp_id,stp_id,nVals,values 

////////////////////////// ICM_test.msh
4
11 1 1 1  1000. 	
12 1 1 1  300.
13 1 2 0
14 1 2 0		zone_id,tp_id,stp_id,nVals,values 


////////////////////////// nozzleRect1.msh
4
5 1 1 1  1000. 	
6 1 1 1  300.
7 1 2 0
8 1 2 0		zone_id,tp_id,stp_id,nVals,values 

